,0
0,3
1,3
2,3
3,3
4,3
5,3
6,3
7,3
8,3
9,3
10,3
11,3
12,3
13,3
14,1
15,3
16,3
17,3
18,3
19,3
20,3
21,3
22,3
23,3
24,3
25,3
26,3
27,3
28,1
29,3
30,1
31,1
32,1
33,1
34,1
35,1
36,1
37,1
38,1
39,1
40,1
41,1
42,1
43,1
44,1
45,1
46,1
47,1
48,1
49,1
50,1
51,1
52,1
53,1
54,1
55,1
56,1
57,1
58,1
59,1
60,1
61,1
62,1
63,1
64,1
65,1
66,1
67,1
68,1
69,1
70,1
71,1
72,1
73,1
74,1
75,1
76,1
77,1
78,1
79,1
80,1
81,1
82,1
83,1
84,1
85,1
86,1
87,1
88,1
89,1
90,1
91,1
92,3
93,3
94,3
95,3
96,3
97,3
98,3
99,3
100,3
101,3
102,3
103,3
104,3
105,3
106,3
107,3
108,3
109,3
110,3
111,3
112,3
113,3
114,3
115,3
116,3
117,3
118,3
119,3
120,3
121,3
122,3
123,3
124,3
125,3
126,3
127,3
128,3
129,3
130,3
131,3
132,3
133,3
134,3
135,3
136,3
137,3
138,3
139,3
140,3
141,3
142,3
143,3
144,3
145,3
146,3
147,3
148,3
149,3
150,3
151,3
152,3
153,3
154,3
155,3
156,3
157,3
158,3
159,3
160,3
161,3
162,3
163,3
164,3
165,3
166,3
167,3
168,3
169,3
170,3
171,3
172,3
173,3
174,3
175,3
176,3
177,3
178,3
179,3
180,3
181,3
182,3
183,3
184,3
185,3
186,2
187,3
188,3
189,3
190,3
191,3
192,1
193,3
194,3
195,1
196,3
197,3
198,3
199,1
200,3
201,3
202,3
203,3
204,3
205,3
206,3
207,3
208,3
209,3
210,1
211,1
212,3
213,3
214,3
215,3
216,3
217,3
218,3
219,3
220,3
221,3
222,2
223,3
224,3
225,3
226,2
227,3
228,3
229,3
230,3
231,3
232,3
233,3
234,3
235,3
236,3
237,2
238,3
239,3
240,3
241,3
242,3
243,3
244,3
245,2
246,2
247,1
248,1
249,1
250,1
251,1
252,1
253,1
254,1
255,1
256,1
257,1
258,1
259,1
260,1
261,1
262,1
263,1
264,1
265,1
266,1
267,1
268,1
269,1
270,1
271,1
272,1
273,1
274,1
275,1
276,1
277,1
278,1
279,1
280,1
281,1
282,1
283,1
284,1
285,1
286,1
287,1
288,1
289,1
290,1
291,1
292,1
293,1
294,1
295,1
296,1
297,1
298,1
299,1
300,1
301,1
302,1
303,1
304,1
305,1
306,1
307,1
308,1
309,3
310,3
311,3
312,3
313,3
314,3
315,3
316,3
317,3
318,3
319,3
320,3
321,3
322,3
323,3
324,3
325,3
326,3
327,3
328,3
329,3
330,3
331,3
332,3
333,3
334,3
335,3
336,3
337,3
338,3
339,3
340,3
341,3
342,3
343,3
344,1
345,2
346,3
347,3
348,3
349,3
350,3
351,3
352,3
353,2
354,1
355,3
356,3
357,3
358,3
359,3
360,2
361,3
362,3
363,3
364,3
365,3
366,3
367,3
368,3
369,3
370,3
371,3
372,3
373,3
374,3
375,3
376,3
377,3
378,3
379,3
380,3
381,3
382,3
383,3
384,3
385,3
386,3
387,3
388,3
389,3
390,3
391,3
392,3
393,3
394,3
395,3
396,3
397,3
398,3
399,3
400,3
401,3
402,3
403,3
404,3
405,3
406,3
407,3
408,3
409,3
410,3
411,3
412,3
413,3
414,3
415,3
416,3
417,3
418,3
419,3
420,1
421,3
422,3
423,1
424,3
425,3
426,3
427,3
428,1
429,1
430,3
431,3
432,1
433,3
434,3
435,3
436,1
437,3
438,3
439,1
440,3
441,3
442,1
443,1
444,3
445,3
446,1
447,1
448,1
449,3
450,1
451,1
452,1
453,1
454,1
455,3
456,3
457,3
458,3
459,1
460,1
461,3
462,3
463,3
464,3
465,3
466,3
467,3
468,3
469,3
470,3
471,3
472,3
473,3
474,3
475,3
476,3
477,3
478,3
479,3
480,3
481,3
482,3
483,3
484,3
485,3
486,3
487,3
488,3
489,3
490,3
491,3
492,3
493,3
494,3
